13535145
13535134
13536269
13534717
13536573
13536008
13535715
13535172
13534812
13534724
13535593
13534913
13535141
13536491
13535916
13535867
13535848
13535471
13534865
13534759
13535762
13536201
13535584
13535008
13536715
13536518
13536440
13536169
13535234
13535245
13535530
13536645
13536163
13536634
13535187
13536739
13535446
13535678
13535005
13536311
13535353
13536754
13535529
13535458
13535144
13536807
13536685
13536625
13534871
13534676
13535837
13534981
13534844
13534835
13536146
13535665
13535302
13535220
13534911
13534648
13536542
13536686
13536153
13535878
13535441
13535552
13535960
13534781
13534649
13536555
13536040
13535938
13535895
13535657
13536124
13536358
13534993
13535152
13536247
13535061
13536612
13536692
13535672
13535180
13536755
13535594
13534723
13536690
13536315
13535182
13536583
13536668
13536212
13535428
13536647
13535449
13535160
13536533
13536386
13536822
13535313
13536796
13535985
13535604
13535340
13535831
13535647
13536050
13535212
13534645
13534634
13535668
13535645
13535634
13535606
13535163
13534668
13534647
13535801
13536687
13536828
13536059
13535965
13535176
13534948
13534967
13534894
13536550
13536534
13535899
13535630
13535346
13536545
13536475
13535833
13535495
13535080
13536608
13535391
13534960
13536557
13536610
13536576
13536238
13535596
13535514
13535031
13536809
13535687
13535369
13534710
13535828
13536327
13536849
13536575
13535595
13536396
13534884
13535771
13535378
13536043
13535462
13535430
13536622
13535981
13536107
13535998
13535844
13535835
13534837
13536484
13534737
13536343
13536102
13536081
13536098
13535735
13535744
13536271
13535288
13534860
13534832
13535503
13536001
13535839
13535690
13535583
13535574
13535208
13536182
13535037
13534778
13535555
13536833
13536589
13536080
13535608
13535475
13534666
13536270
13536532
13536417
13535955
13534638
13536560
13535100
13534679
13536015
13535708
13534643
13535454
13536178
13535181
13534693
13536118
13536032
13535937
13535658
13534881
13536569
13535990
13534768
13534747
13536333
13536066
13535724
13534680
13536149
13535620
13536432
13535855
13535769
13535697
13535626
13535821
13536789
13535379
13536641
13536413
13536399
13535486
13535137
13536846
13534953
13536147
13535836
13535252
13534928
13535804
13536747
13536768
13535044
13535120
13535532
13535424
13534803
13536664
13534688
13535825
13534896
13534827
13535363
13535097
13535026
13535972
13536061
13535929
13535612
13535268
13535247
13536152
13536187
13535901
13535739
13534750
13536436
13536694
13536616
13536079
13535683
13535674
13536811
13535571
13535357
13534728
13534682
13535609
13536222
13535913
13535049
13536635
13535386
13535822
13535796
13535727
13535479
13535900
13535624
13536464
13536157
13535961
13536029
13536483
13535971
13535843
13536719
13535738
13534992
13536095
13536760
13535105
13534978
13535122
13534783
13536523
13535992
13535287
13534840
13534738
13536026
13536446
13536405
13535681
13535698
13534858
13536813
13536230
13535893
13535435
13535158
13534653
13536262
13535547
13535253
13535119
13534879
13536659
13535170
13534810
13535728
13536016
13535748
13535699
13535341
13535284
13535083
13535074
13536679
13534765
13535935
13535944
13534658
13535219
13535754
13534711
13536353
13536160
13536132
13536018
13535889
13535746
13535211
13534802
13534920
13535227
13535214
13536276
13535598
13535581
13536578
13536223
13536140
13535629
13536469
13535814
13536628
13535963
13535468
13535447
13535372
13536782
13535300
13535222
13534958
13534637
13535635
13535737
13535256
13534744
13534735
13535832
13536775
13536112
13535231
13534726
13535513
13536179
13535056
13536337
13535592
13536572
13535407
13536193
13536504
13536536
13536088
13536091
13535600
13535335
13535344
13536743
13535071
13536306
13535546
13536334
13536087
13535226
13535297
13536298
13536281
13536071
13535536
13535504
13536344
13535968
13536042
13536498
13535984
13535478
13535646
13536543
13535439
13535303
13535142
13536736
13535360
13535332
13534988
13534719
13536319
13535484
13535473
13535978
13535455
13536661
13535829
13535347
13535761
13536642
13536023
13536366
13535815
13535177
13534966
13534817
13534712
13535908
13536240
13536123
13535445
13536709
13536505
13534829
13534761
13536733
13536602
13536365
13536443
13535874
13535125
13535030
13536816
13535272
13535101
13535082
13536292
13535127
13535059
13535196
13536841
13536646
13536362
13534767
13536100
13535787
13536525
13536442
13536139
13535882
13535397
13535326
13536551
13535063
13534809
13535264
13534742
13536599
13535834
13535579
13535280
13534868
13536485
13535549
13535124
13535040
13534772
13536433
13535524
13535460
13535432
13536620
13536283
13536073
13535367
13536274
13535873
13535230
13536444
13536598
13534721
13535578
13535204
13535003
13534755
13536581
13536411
13536165
13535927
13535700
13535249
13534951
13536643
13536272
13534985
13534831
13534636
13535292
13536824
13536350
13536175
13536817
13536815
13536339
13536177
13535126
13536326
13535377
13536787
13535161
13536830
13536341
13536284
13536273
13535679
13536767
13535501
13536862
13535016
13535094
13536701
13535928
13535423
13536145
13536522
13536445
13536434
13536406
13535931
13535885
13535123
13534887
13534736
13536028
13536450
13534875
13536382
13536390
13535933
13535438
13535370
13535121
13536615
13534930
13536065
13536275
13535731
13535338
13534982
13536490
13536266
13535723
13536324
13536288
13535102
13536744
13535128
13535770
13535637
13535453
13534635
13536141
13536617
13536624
13535464
13535157
13536242
13535185
13536312
13534852
13535869
13535721
13535328
13536672
13535104
13535136
13536652
13536385
13536231
13535112
13534872
13535775
13536237
13535459
13534771
13535528
13536233
13536045
13536034
13534942
13535639
13534952
13535228
13536393
13535962
13535716
13535384
13535241
13534959
13536419
13536384
13535067
13535774
13536470
13536338
13535275
13534763
13536731
13536286
13536076
13535531
13535213
13535159
13536619
13536304
13536336
13536564
13536420
13536058
13535251
13535225
13534949
13535660
13534800
13536162
13536051
13536025
13534922
13535563
13536759
13534974
13534983
13536865
13536609
13536571
13535591
13535203
13535004
13536810
13535276
13536013
13535250
13534915
13535917
13535358
13534714
13534796
13536630
13535506
13536305
13535879
13535011
13536662
13535554
13535110
13534870
13536650
13536730
13536471
13535974
13535491
13535488
13536848
13535469
13535017
13536629
13536367
13536689
13536348
13535283
13535274
13535073
13536741
13536845
13536806
13536579
13536070
13535485
13536280
13536693
13536279
13535946
13535905
13535684
13535673
13534720
13534843
13536360
13536220
13535451
13535425
13536665
13535903
13534690
13536109
13535850
13534839
13536723
13535351
13534849
13534786
13536402
13536696
13535510
13535448
13535154
13536627
13534739
13534901
13536514
13535785
13535238
13536527
13536375
13536150
13535610
13536596
13535395
13535576
13534687
13535685
13535352
13535710
13536113
13535437
13534893
13535512
13536860
13536737
13536832
13535826
13534938
13535964
13536548
13536567
13535308
13535215
13534950
13536410
13535677
13536468
13536372
13535887
13534931
13534885
13534709
13536447
13535824
13535175
13534815
13535966
13536738
13536331
13536285
13535095
13536840
13536494
13535988
13535719
13535474
13536843
13534788
13536005
13534820
13536046
13536318
13536246
13535979
13536711
13536229
13536463
13535777
13536387
13535429
13536726
13536604
13536340
13535500
13535009
13534863
13536636
13536007
13535820
13534718
13534914
13536228
13535021
13534703
13536301
13536054
13535307
13534662
13536568
13536213
13536096
13536027
13535286
13536531
13536429
13536263
13536064
13535726
13534940
13534795
13536777
13536110
13536068
13536047
13535261
13534890
13534639
13536554
13536827
13536349
13535671
13536814
13536394
13536267
13536248
13535374
13536773
13535233
13535045
13535511
13536431
13536128
13535934
13534947
13536770
13536239
13535457
13536808
13535622
13536462
13535919
13535788
13535398
13536771
13536108
13536092
13535864
13534995
13534838
13535926
13536354
13535753
13534889
13534705
13534746
13535802
13534867
13534916
13534848
13536456
13536282
13534975
13536864
13536804
13536631
13535519
13535010
13536836
13535051
13535162
13536799
13536648
13536476
13535414
13536389
13535768
13535747
13534990
13534745
13534706
13535842
13536666
13535502
13535426
13536729
13535970
13535409
13535333
13536745
13536633
13536457
13536164
13534924
13534917
13534661
13534866
13534694
13535171
13535854
13536320
13534674
13536854
13536458
13536135
13536144
13536020
13534918
13534789
13536529
13536703
13536535
13536129
13536057
13535952
13535336
13535304
13535640
13534969
13536472
13535492
13535507
13536368
13535564
13536225
13535420
13535058
13536660
13534878
13536812
13535323
13536724
13536033
13535518
13535316
13535267
13535248
13536383
13536370
13536155
13536121
13535390
13536438
13535975
13534977
13536838
13536676
13536510
13536448
13536019
13535891
13536871
13535209
13534926
13536603
13535999
13535711
13535205
13535246
13534891
13536111
13535856
13535232
13536465
13535556
13536713
13536595
13536489
13536376
13535314
13535786
13536566
13535365
13534689
13534819
13536056
13536183
13536174
13535582
13535194
13536825
13536379
13536137
13535918
13534702
13536136
13535868
13535847
13535329
13534806
13536104
13534684
13534905
13536002
13536297
13535277
13536364
13535543
13536673
13534853
13536684
13536707
13536802
13535957
13535210
13534955
13534921
13534664
13535638
13535667
13536427
13535799
13535648
13535476
13534954
13534665
13536414
13535359
13534973
13534984
13534841
13534646
13535607
13535857
13535752
13535695
13534821
13534855
13536407
13536184
13535858
13535572
13535193
13536592
13535411
13535165
13535022
13536700
13536125
13536062
13536030
13535948
13535816
13534965
13534654
13536151
13535570
13535289
13534854
13536590
13536156
13536099
13535694
13535811
13535079
13535616
13535950
13535642
13535217
13534939
13535366
13535526
13536325
13536497
13536502
13536426
13535666
13535103
13535861
13536423
13535663
13535106
13535201
13536584
13535680
13536453
13536637
13535994
13535730
13536488
13536593
13536172
13535573
13535192
13536680
13535206
13535033
13534929
13535880
13536606
13534923
13535562
13535039
13536801
13535436
13534823
13535404
13536681
13535405
13536698
13536322
13536749
13535046
13534753
13536718
13534979
13535953
13535135
13535020
13536702
13536352
13535401
13536710
13536651
13536260
13536232
13535465
13535111
13534943
13536856
13535760
13535732
13534998
13536105
13536451
13536425
13535954
13535143
13534667
13534799
13535613
13534798
13536521
13535932
13535356
13536037
13536549
13536117
13535433
13534897
13534826
13534792
13534655
13535309
13535587
13534776
13536751
13536359
13536607
13536268
13536553
13536869
13536328
13536721
13536839
13535670
13535516
13535001
13536574
13535559
13535131
13535050
13535923
13536746
13536705
13535018
13535132
13536714
13535776
13535585
13535499
13536727
13536009
13535636
13534987
13536500
13536131
13534801
13536559
13536428
13536530
13536039
13536562
13536369
13536114
13535654
13534816
13536127
13536011
13535662
13535305
13535218
13534659
13536422
13535589
13535270
13536290
13536371
13536243
13536120
13536044
13536035
13535798
13535781
13536778
13535388
13534932
13535649
13536395
13535375
13535527
13535150
13536785
13534936
13534904
13534685
13535376
13536314
13535713
13535489
13536786
13536653
13536512
13535259
13535113
13534941
13534873
13536437
13536788
13536398
13536381
13536791
13536473
13535493
13535319
13534760
13534732
13535078
13535291
13536516
13536594
13535315
13534850
13536670
13535521
13536356
13535290
13534861
13534729
13536495
13536069
13535921
13535664
13535133
13534957
13536424
13536859
13536765
13536541
13535301
13534912
13534766
13536452
13535148
13534976
13535167
13535853
13535198
13535002
13536720
13536060
13534944
13534935
13534898
13534686
13535745
13535734
13535706
13534842
13536409
13536323
13535812
13534715
13535717
13536524
13536460
13535265
13534784
13536517
13536466
13534857
13534752
13536677
13536805
13536168
13536010
13535631
13536519
13536361
13534970
13536842
13535243
13535035
13536781
13536649
13536388
13536391
13535778
13536798
13535371
13535557
13536133
13535560
13535069
13535417
13536116
13534691
13536582
13535851
13535656
13535183
13535174
13536194
13534722
13534814
13536287
13536077
13536764
13534880
13535553
13536404
13536289
13535590
13535156
13535099
13536570
13536591
13536036
13536004
13535810
13536588
13536644
13536300
13535540
13535418
13536585
13536499
13536313
13535714
13534751
13534725
13536776
13535617
13535242
13534780
13536520
13535494
13535416
13536474
13535840
13535331
13535285
13535075
13534764
13536480
13536732
13535146
13536837
13535065
13536097
13535764
13535077
13536363
13535886
13535749
13535322
13535200
13536678
13535444
13536618
13536307
13535054
13535568
13536190
13535682
13535355
13535321
13536556
13536293
13536094
13535862
13535830
13535767
13535273
13534859
13536501
13536613
13536552
13536441
13535898
13535686
13535153
13534937
13535881
13534999
13535207
13535705
13535533
13534707
13536449
13536538
13536086
13535949
13535013
13534660
13535296
13536757
13536003
13534672
13536852
13535450
13535028
13536221
13536024
13535912
13535766
13534708
13536017
13536509
13534851
13536000
13535896
13535827
13535722
13535688
13536671
13535349
13534825
13534656
13535691
13536392
13536418
13536049
13535986
13535644
13536540
13535860
13536038
13535940
13535795
13535652
13535385
13534892
13534797
13536586
13534669
13534743
13535199
13535184
13535173
13534813
13534678
13536858
13535819
13535298
13535281
13536278
13536345
13535733
13535505
13536277
13535982
13535364
13534909
13534731
13536763
13536600
13536335
13535743
13535278
13535088
13535091
13536819
13535947
13535463
13535229
13534945
13534934
13534906
13534790
13536623
13535973
13535841
13535605
13535362
13535330
13536481
13536257
13536704
13534991
13535956
13536835
13536493
13535107
13536844
13535421
13535138
13535012
13536866
13536492
13535472
13535368
13534980
13536507
13536224
13535403
13534824
13536126
13535434
13535406
13534963
13535522
13535980
13535334
13535306
13536546
13535566
13535883
13535539
13535151
13535062
13536611
13535863
13534883
13535114
13534874
13536176
13536605
13536330
13535993
13535498
13535481
13536478
13534699
13535859
13534862
13534830
13534748
13535765
13534785
13536377
13535845
13535806
13535601
13535070
13534847
13536090
13536309
13535875
13535117
13534877
13536657
13535517
13535149
13534793
13536265
13536084
13535741
13535689
13535294
13535216
13535093
13536508
13536158
13535941
13535884
13535618
13535262
13536435
13534692
13535852
13535236
13534869
13535757
13535996
13535914
13534925
13536022
13536101
13536082
13535987
13536863
13535195
13536712
13535197
13536403
13535551
13535525
13535442
13536264
13536063
13535139
13536397
13536210
13535803
13535415
13535052
13536638
13536074
13535293
13536699
13536083
13536748
13536308
13535548
13535410
13535567
13536106
13536134
13535269
13534836
13534804
13536663
13535240
13534782
13535709
13535255
13535221
13534910
13534704
13535772
13536826
13536792
13536621
13535461
13535115
13535877
13535155
13536780
13535959
13535523
13534962
13534794
13534716
13536122
13536085
13535909
13535470
13535295
13536317
13535109
13534670
13536850
13536503
13536291
13536078
13535343
13535271
13535098
13535081
13536735
13536790
13535431
13536380
13534986
13534644
13535958
13535029
13534933
13535520
13535823
13536750
13535755
13535692
13534757
13536180
13536742
13536868
13536329
13535487
13536847
13536513
13535586
13535038
13536795
13536756
13536511
13536006
13535890
13534650
13536870
13536537
13536412
13536055
13535969
13534640
13536021
13535373
13536783
13536067
13536048
13535930
13535794
13536774
13536716
13535783
13535419
13536373
13536241
13535393
13535048
13536794
13536295
13535490
13535096
13535027
13535014
13536800
13535703
13535544
13535535
13535129
13535057
13536640
13535632
13535258
13536130
13535456
13535588
13535036
13536357
13536227
13536214
13535538
13535086
13536296
13535924
13536455
13536138
13536012
13535866
13535661
13534808
13536421
13534727
13536587
13535751
13534900
13534822
13535725
13536346
13535534
13535422
13535545
13535068
13535047
13536261
13536867
13535983
13536762
13535223
13535140
13535024
13536766
13536093
13535508
13535084
13536294
13535599
13536601
13535090
13536834
13536089
13535818
13535299
13534907
13536580
13534971
13536332
13536143
13535542
13534779
13536302
13536752
13536695
13536310
13535675
13535408
13534677
13536857
13535317
13535266
13535324
13536526
13535758
13535577
13535325
13536597
13535943
13535871
13535676
13535467
13535019
13536614
13536185
13535750
13535312
13536823
13534882
13534787
13536031
13535936
13535904
13534828
13536401
13535653
13535186
13536259
13535189
13536256
13535792
13535382
13536772
13536461
13536115
13535655
13535621
13535897
13534657
13534895
13535701
13534642
13535939
13536821
13534675
13536769
13536697
13536626
13535466
13534903
13536855
13535782
13535392
13535628
13535817
13535712
13535350
13534908
13536195
13535480
13534972
13536075
13535991
13535483
13534956
13536416
13535237
13536528
13536459
13534919
13534791
13535756
13535989
13535718
13534902
13535311
13535400
13535042
13534770
13535623
13536669
13535872
13535558
13535263
13535064
13536797
13536831
13536753
13535902
13534989
13535354
13536167
13536148
13535951
13535925
13534996
13534927
13536454
13535412
13535055
13535537
13536708
13535452
13535015
13535541
13536547
13536119
13534899
13535659
13535922
13535800
13535619
13536159
13535076
13536014
13535892
13535669
13535387
13534652
13536558
13535650
13535942
13536691
13535876
13536688
13535509
13535000
13536722
13536316
13535793
13535515
13535383
13535041
13536784
13535870
13535034
13535006
13536639
13535945
13535906
13535790
13534968
13535380
13535633
13535164
13535381
13536378
13535244
13535235
13535043
13534756
13536430
13535997
13535282
13535072
13534740
13535007
13536820
13535920
13535707
13535254
13535053
13536561
13535865
13535759
13534994
13534730
13534762
13535977
13535108
13535092
13536072
13535147
13534663
13535168
13536258
13535130
13535025
13536563
13535779
13535496
13535427
13536667
13535361
13534734
13536482
13536103
13536477
13536342
13535497
13534833
13536861
13536706
13536734
13535915
13535239
13535808
13535320
13535202
13534811
13536191
13534683
13536202
13535188
13535191
13536171
13534846
13534805
13534641
13535702
13536544
13536761
13536347
13534733
13536829
13536251
13536632
13535569
13535118
13535060
13535032
13536658
13535066
13536717
13535440
13535169
13535784
13536515
13536374
13536041
13535773
13535394
13536793
13535615
13534961
13535780
13535603
13536740
13536467
13536154
13535888
13535696
13535614
13534856
13534651
13535627
13535995
13535838
13535740
13534997
13534864
13536166
13535318
13534754
13536400
13535651
13535260
13534888
13535625
13536355
13536321
13536170
13535190
13536682
13535575
13535396
13535327
13534758
13535849
13534741
13535602
13535179
13535337
13535116
13534876
13534671
13536851
13535846
13535789
13535641
13535399
13535413
13534807
13536486
13534845
13534834
13535742
13535720
13536181
13535907
13535178
13534946
13534818
13534673
13536853
13535763
13535087
13536226
13536303
13536142
13535910
13535736
13535704
13535257
13536439
13536299
13535693
13535580
13535279
13535089
13536818
13536053
13535561
13536415
13536161
13536052
13536803
13536496
13535911
13535389
13536779
13535310
13536408
13534769
13536675
13536173
13534886
13534749
13534681
13534698
13535643
13535976
13535967
13535894
13535611
13535443
13536539
13536683
13536674
13536565
13535224
13535023
13534701
13536577
13536351
13535597
13535402
13534713
13536758
13535477
13535342
13535729
