5715867
5715443
5714582
5714396
5716081
5714363
5714879
5715973
5715841
5715004
5715156
5715118
5714583
5715515
5715640
5714588
5714569
5714407
5715985
5714956
5714452
5714387
5714529
5714670
5714380
5714321
5715979
5715501
5715182
5715058
5714727
5715254
5714361
5715594
5715338
5714949
5715478
5715324
5715166
5715479
5715186
5714945
5714644
5714553
5714453
5715930
5715836
5715901
5715798
5714705
5715195
5715160
5714739
5714684
5715677
5715146
5715918
5715850
5714985
5714654
5714543
5715986
5715482
5715880
5715357
5714809
5715240
5714821
5715076
5715761
5714965
5714738
5714429
5715975
5715674
5715384
5715857
5715350
5715317
5715988
5715711
5715747
5715434
5715425
5715659
5715342
5714993
5715622
5715237
5714658
5715072
5714490
5715681
5715419
5714784
5716021
5715294
5714862
5714574
5715392
5715970
5715577
5716057
5715499
5716000
5716031
5715555
5715260
5714752
5714481
5715039
5715285
5714672
5714596
5714382
5715323
5715198
5715898
5715244
5714959
5715907
5715398
5715525
5716046
5715803
5715549
5714994
5714660
5715955
5714357
5715809
5714880
5715157
5715911
5715242
5714715
5714421
5715065
5714870
5714657
5714472
5714359
5715807
5715138
5715014
5714642
5714371
5715929
5715892
5715784
5715639
5715725
5715668
5715689
5715364
5715055
5715204
5715180
5716064
5716013
5715627
5715504
5714478
5714335
5714940
5714846
5714848
5714554
5716075
5715483
5714706
5715449
5715771
5715377
5714975
5715606
5716088
5716069
5715333
5715209
5715127
5715074
5714782
5715252
5715111
5715147
5714355
5716020
5715592
5715386
5716033
5715388
5715151
5714745
5715303
5715239
5714523
5715752
5715619
5715481
5714728
5714690
5715265
5715290
5715038
5715675
5714356
5714987
5715003
5714748
5715582
5715101
5715787
5715381
5715116
5715082
5714339
5715713
5714992
5714557
5714496
5715142
5714928
5714764
5714833
5714638
5714485
5715952
5715257
5715701
5715307
5714905
5714859
5714527
5715714
5715344
5714647
5715477
5715349
5714938
5715276
5714484
5715961
5715719
5715652
5714765
5714628
5716071
5715402
5714889
5714868
5716023
5715978
5715617
5714437
5714613
5715885
5715433
5714818
5715413
5715270
5714923
5716014
5715503
5715105
5715904
5714417
5715927
5714598
5714334
5714325
5714678
5714369
5715427
5715315
5715226
5714941
5714635
5715415
5714488
5714989
5715900
5714724
5715879
5715363
5715010
5714479
5714347
5715945
5715644
5715155
5715026
5714717
5715308
5714761
5715738
5714367
5715896
5715664
5714919
5715994
5715660
5714803
5714549
5716085
5715210
5714827
5714783
5715173
5715780
5714709
5715766
5715682
5715071
5715517
5714753
5715860
5715271
5714973
5714841
5715404
5715340
5714799
5714578
5716086
5715568
5714531
5716059
5715497
5714770
5715765
5715484
5714961
5714652
5714349
5714825
5714834
5715737
5714368
5715300
5714679
5715981
5715718
5714570
5714464
5715706
5715542
5714835
5715609
5715548
5714680
5716053
5715131
5715100
5715029
5714972
5715228
5714592
5715673
5715005
5715267
5715178
5715049
5715466
5714754
5715905
5715859
5714730
5714701
5714997
5715360
5715325
5715779
5715417
5714927
5714505
5715631
5714863
5714734
5714689
5715268
5715289
5715024
5715035
5715054
5715390
5714749
5714847
5714811
5714463
5714547
5714511
5715912
5714926
5715458
5714793
5714636
5714946
5714442
5716060
5715231
5716095
5715200
5715877
5716047
5716011
5715852
5715450
5714828
5714486
5715703
5715707
5715330
5714399
5716074
5715825
5715763
5715040
5715749
5715319
5715262
5715705
5714620
5715453
5714798
5714579
5715951
5715786
5715662
5714403
5715538
5715394
5714697
5714561
5715874
5714887
5715680
5715370
5714609
5714548
5715791
5714995
5714960
5714694
5715603
5715137
5714895
5714881
5715692
5714750
5715135
5715772
5715366
5715545
5714832
5714699
5714401
5714430
5715774
5715203
5714787
5714671
5714381
5714888
5714869
5714373
5715495
5715460
5714408
5715934
5715925
5714327
5715822
5714910
5714858
5714544
5715045
5715926
5715793
5714912
5714458
5715159
5714475
5716061
5715201
5714673
5715810
5715412
5714922
5714899
5715886
5714909
5715726
5715245
5714659
5714342
5715785
5715464
5714756
5714875
5714551
5715097
5714877
5715509
5715266
5715989
5715735
5715172
5714900
5714621
5714352
5715595
5715474
5715328
5715255
5714649
5714404
5715799
5714882
5715691
5715567
5715179
5715486
5715287
5715048
5714414
5715935
5715924
5715634
5715625
5714700
5715125
5715696
5715866
5715694
5715243
5714908
5714791
5716080
5715215
5714742
5715775
5714843
5715006
5716027
5714885
5715818
5714433
5715596
5715457
5716042
5714851
5714494
5715087
5715782
5715666
5715248
5715697
5715561
5714394
5715128
5714942
5716066
5715588
5715206
5715758
5715279
5715187
5716101
5715119
5714563
5715837
5715108
5714984
5714375
5715977
5715813
5715656
5715618
5715272
5714932
5715853
5715171
5714436
5715983
5714814
5714546
5715868
5715663
5714906
5714800
5715405
5714517
5714498
5716024
5715551
5715500
5714568
5714747
5714434
5714425
5714974
5715748
5715318
5715914
5714688
5714435
5714424
5715092
5715797
5714872
5714564
5716032
5715872
5715470
5714773
5714532
5715107
5714861
5714413
5715336
5715214
5715190
5715191
5715512
5714526
5714714
5714344
5714358
5715322
5714502
5715683
5715888
5715869
5715373
5715814
5715702
5715546
5714530
5715445
5715022
5714501
5715812
5714920
5714630
5715175
5715037
5714459
5715881
5714692
5714576
5714406
5716065
5715522
5714516
5715846
5715514
5715584
5714577
5715891
5715454
5714864
5714696
5714572
5714605
5714537
5715083
5714907
5714534
5714525
5715722
5715493
5715027
5714716
5714346
5716097
5714573
5716004
5715264
5715115
5715028
5715933
5714852
5714450
5715755
5715403
5714951
5714786
5714662
5715699
5715401
5715508
5715286
5715332
5715000
5715794
5714409
5715440
5714524
5716070
5715044
5715936
5715830
5714612
5715067
5715762
5715376
5715249
5714954
5715731
5715700
5714924
5714789
5715168
5715972
5715476
5715277
5714566
5715280
5715104
5714333
5714393
5715446
5715247
5715211
5715088
5715069
5715688
5715424
5714914
5714615
5715084
5715897
5714772
5715844
5715298
5715302
5715001
5714497
5715585
5715183
5715080
5715351
5715188
5715169
5714513
5714952
5714661
5714597
5716073
5715833
5715764
5715638
5715485
5714456
5714418
5714641
5715744
5714978
5714617
5715437
5715236
5716091
5715235
5714602
5715870
5715472
5715642
5715161
5715991
5714819
5715557
5715297
5714713
5714769
5714947
5715715
5715421
5714911
5714788
5715655
5715144
5714686
5714376
5716016
5715519
5715959
5715805
5714736
5714693
5715760
5716082
5714740
5715612
5715278
5715167
5714432
5715571
5714980
5716051
5715607
5714440
5716022
5715163
5715250
5715112
5714364
5715667
5715591
5715448
5715086
5715922
5715899
5715426
5715544
5716056
5716018
5715827
5714473
5714326
5715047
5715742
5715506
5715312
5715269
5715729
5715984
5714656
5714461
5715316
5716092
5715679
5714331
5715944
5715510
5715154
5715036
5715778
5715599
5714645
5714510
5716044
5714890
5714723
5714492
5714962
5714466
5715223
5715096
5715102
5714970
5714876
5715061
5716098
5715776
5715219
5714550
5715099
5714536
5716028
5715817
5715442
5715946
5715840
5715034
5715025
5715113
5714781
5714677
5715739
5714918
5714850
5715684
5715374
5716012
5715309
5715233
5714857
5715016
5714445
5715475
5716083
5714767
5715335
5714937
5714627
5714504
5715741
5715717
5715347
5715311
5715012
5716076
5715620
5715579
5716084
5714837
5715593
5715253
5716029
5715053
5716100
5715526
5714512
5714374
5715956
5715781
5715452
5715387
5714428
5715751
5714955
5715963
5714606
5715367
5714990
5714896
5714664
5714771
5714687
5714449
5716026
5715670
5715529
5715380
5715887
5715094
5714874
5714562
5715042
5714915
5715969
5715341
5714614
5715712
5715804
5715041
5715017
5714726
5715436
5715932
5714853
5714616
5714465
5714929
5714892
5715777
5715371
5714639
5715848
5715643
5715110
5715408
5714495
5714460
5714871
5714555
5716089
5715091
5716068
5715208
5714943
5716036
5715876
5714581
5715033
5714584
5714410
5715920
5715630
5715601
5714812
5714704
5715943
5715871
5715295
5715153
5714586
5715439
5714619
5715964
5715728
5715690
5716010
5715121
5714457
5714849
5714503
5715736
5714805
5715202
5716062
5715534
5715123
5715608
5714695
5714482
5715145
5714986
5715654
5715543
5714751
5715947
5715769
5715788
5714345
5715238
5715090
5714976
5715354
5714419
5715490
5715465
5714777
5714681
5715379
5715246
5714921
5714600
5715863
5715734
5715447
5715411
5714631
5715126
5714667
5714591
5714448
5715773
5715532
5714845
5715937
5715232
5714324
5714514
5715199
5714643
5715835
5715824
5714542
5714384
5715687
5715066
5714674
5716048
5715821
5714963
5715566
5716040
5714894
5715903
5714666
5714451
5715957
5715676
5715212
5714427
5715917
5715941
5715873
5715678
5715369
5715085
5714964
5714665
5714439
5716005
5714362
5715550
5715114
5714776
5715974
5715385
5715396
5715130
5714867
5714443
5715671
5715158
5715948
5714774
5715343
5714829
5715597
5715418
5715998
5715730
5714604
5714489
5715802
5715431
5715400
5714611
5714468
5714790
5715906
5715800
5714663
5715059
5715641
5715162
5714744
5714950
5714856
5715861
5714838
5714796
5714633
5715849
5714323
5714698
5715605
5715537
5715073
5714893
5714720
5714779
5714441
5716050
5715637
5715505
5715222
5715103
5715093
5714917
5714873
5714388
5714507
5714469
5715721
5715327
5714925
5714934
5714624
5715931
5716043
5715621
5714968
5714735
5716039
5716054
5715521
5715283
5714707
5714330
5715553
5715293
5714741
5714395
5714528
5714360
5715997
5715552
5715292
5715990
5715965
5715695
5714608
5715473
5715194
5714559
5716067
5715902
5715406
5715851
5715494
5715372
5714891
5714454
5715541
5715498
5714405
5715966
5715895
5715462
5714808
5714603
5716052
5715220
5714817
5715710
5715589
5715320
5714585
5715518
5715296
5715023
5714477
5715938
5715823
5715790
5715628
5714719
5716087
5714763
5715444
5715331
5715032
5714520
5714389
5714785
5715756
5715348
5714939
5714629
5714483
5715197
5714824
5714370
5715854
5715491
5715284
5714476
5715355
5715064
5714957
5714676
5714386
5716038
5715878
5715383
5716007
5715962
5715651
5715604
5715527
5714998
5715395
5715528
5714552
5715216
5714637
5715598
5715441
5715334
5715258
5714411
5714379
5715921
5715600
5714725
5714668
5714447
5715646
5715177
5715365
5715136
5714967
5714471
5714319
5715602
5715353
5715416
5715241
5715217
5714820
5714422
5716094
5715221
5715583
5715185
5714840
5715184
5714646
5714423
5716037
5715913
5715650
5714884
5714792
5715120
5714933
5714623
5715455
5715274
5714982
5715301
5715196
5715002
5714521
5715740
5715063
5715310
5715834
5716002
5714365
5715967
5715471
5714390
5714930
5714901
5714836
5715141
5715117
5714755
5715050
5716034
5715562
5714350
5714854
5714491
5715908
5715397
5714866
5715075
5715808
5714966
5714860
5714462
5716079
5715839
5715533
5714897
5715124
5715077
5715953
5715610
5715143
5716063
5715339
5715122
5714948
5715815
5714683
5715862
5714587
5715046
5714721
5714415
5715635
5715624
5715507
5715488
5715469
5715999
5715420
5714816
5714653
5715422
5714416
5715820
5715636
5714338
5715767
5715949
5715361
5715062
5714594
5715230
5715098
5714878
5714383
5714426
5715916
5715958
5715148
5715079
5714632
5715980
5714855
5714571
5715993
5714804
5714712
5714348
5715939
5715629
5715570
5714981
5714718
5715743
5715313
5715060
5714913
5715884
5715792
5715423
5714650
5714580
5714329
5716006
5715971
5715648
5715467
5714775
5714931
5715968
5715724
5714806
5715560
5715193
5714508
5714487
5715578
5714710
5715409
5714794
5714480
5715982
5714703
5714455
5715789
5714337
5715056
5715523
5715134
5715018
5715864
5715995
5715960
5714397
5715326
5715164
5714506
5714509
5715580
5715329
5715132
5714971
5714648
5715547
5715511
5715192
5714353
5715950
5715613
5715140
5715081
5716099
5715672
5715382
5715256
5715218
5715709
5714780
5714575
5715894
5714903
5714538
5715393
5715015
5714446
5715407
5714640
5714515
5715716
5715346
5714722
5714493
5714336
5716077
5714593
5715461
5714729
5714685
5714438
5715658
5715616
5714622
5714702
5715889
5714831
5714402
5715753
5714541
5716035
5715875
5715291
5715008
5714743
5716055
5714589
5714320
5715915
5714969
5715614
5714988
5714711
5715987
5715282
5715356
5714675
5714385
5715615
5715540
5714883
5714669
5714378
5715391
5715564
5715213
5714797
5715109
5715020
5716078
5715923
5715838
5715796
5715633
5715563
5715165
5715306
5715176
5714802
5714400
5714431
5715647
5715611
5715489
5715468
5715139
5715021
5714746
5714815
5716049
5715007
5714983
5714979
5715727
5715321
5714499
5714601
5715704
5715410
5715273
5714826
5715573
5715750
5714839
5715783
5714902
5716090
5715205
5714844
5714558
5716003
5715940
5715263
5715150
5716093
5714372
5715275
5714682
5716045
5714733
5715893
5715720
5715698
5714904
5715305
5714398
5715174
5714758
5715459
5714732
5714351
5715513
5716041
5715828
5715623
5714545
5716072
5715832
5715430
5714953
5714610
5714474
5714328
5715051
5715649
5715352
5714595
5714560
5715129
5715031
5715882
5715480
5714691
5714567
5715842
5715304
5714607
5714535
5715801
5715626
5715432
5714759
5715686
5714655
5714935
5715414
5715337
5714625
5714634
5715189
5716015
5715152
5715942
5715435
5715883
5715669
5715378
5714540
5714366
5715229
5714533
5716019
5715558
5715516
5715030
5714522
5715770
5714556
5714518
5715052
5715757
5715928
5715314
5715224
5715089
5715068
5714332
5715847
5715811
5715463
5715019
5716001
5714354
5715976
5715657
5715261
5715359
5714807
5714795
5714760
5715996
5715890
5715865
5715723
5715492
5715992
5715829
5715496
5714343
5715345
5715954
5714762
5716058
5714590
5714565
5715078
5715149
5714898
5715043
5715795
5714991
5714708
5715399
5715759
5714936
5714830
5714801
5714626
5715909
5715855
5714886
5715535
5715524
5715133
5714842
5715590
5714519
5715251
5714412
5715632
5715227
5714958
5714916
5714810
5714822
5714420
5714999
5715910
5715858
5715816
5715653
5715559
5715299
5716009
5715288
5715011
5714813
5714977
5714618
5715685
5715438
5715375
5715225
5714322
5715181
5715746
5715502
5715358
5715234
5715520
5715389
5715368
5714737
5714444
5715645
5714778
5714599
5716096
5714944
5715259
5715819
5714996
5714865
5715070
5715754
5714651
5714539
5715362
