9107084
9106659
9108349
9107962
9108289
9107811
9106876
9106664
9106486
9107061
9108275
9107705
9107180
9107982
9108022
9107687
9106661
9107196
9107257
9107166
9106977
9106758
9108096
9106353
9107189
9106158
9107897
9107937
9107766
9106384
9108333
9107702
9106788
9107909
9107580
9107092
9106380
9108013
9107879
9107489
9108368
9108175
9107220
9106638
9106304
9106854
9107913
9107504
9107152
9106609
9106496
9106511
9106097
9108201
9107771
9107311
9107145
9106131
9106401
9107941
9106719
9106082
9108263
9107531
9107390
9106590
9108258
9107818
9106688
9106693
9108418
9108294
9106993
9107099
9106950
9107889
9107851
9107270
9107301
9107197
9107031
9106634
9106582
9108377
9107508
9107382
9107242
9106090
9107245
9107290
9107606
9108363
9107499
9107385
9107688
9108047
9107756
9106715
9106168
9106699
9106406
9108291
9108078
9107785
9107100
9106601
9106139
9108209
9107779
9107319
9106433
9107144
9107769
9106757
9106725
9106257
9107022
9108064
9107977
9107460
9106219
9106155
9107536
9107116
9108357
9106942
9106493
9106768
9107267
9108435
9107695
9106751
9107991
9107831
9106058
9108098
9106262
9108100
9107291
9107078
9107268
9106896
9106767
9108449
9108380
9108003
9107781
9108373
9108041
9107187
9106853
9106592
9108172
9107914
9107392
9107503
9106847
9107418
9107294
9106561
9106192
9107934
9107894
9107587
9107361
9107026
9106591
9106330
9106416
9108171
9107676
9107530
9107110
9106162
9106915
9107956
9107179
9106739
9108069
9107264
9106985
9106560
9106312
9108293
9108005
9107512
9106658
9107963
9107675
9107025
9106069
9106190
9107097
9107724
9107511
9106771
9107534
9107114
9106812
9106608
9108426
9108027
9107987
9107860
9106334
9107828
9106195
9107248
9106588
9106302
9108173
9108260
9106747
9108015
9107699
9106946
9106785
9106352
9107933
9107552
9106802
9106618
9106587
9106361
9106103
9107247
9107192
9106934
9106748
9108146
9106468
9106523
9107780
9107105
9106649
9108381
9108241
9108032
9107996
9107149
9106386
9106246
9107865
9108292
9106444
9106313
9106068
9106700
9106211
9106132
9107658
9107560
9106360
9108079
9107813
9106954
9106683
9107415
9107069
9106963
9106675
9107409
9106324
9108436
9108191
9108037
9107696
9107386
9107246
9106586
9107806
9106556
9107515
9107135
9106141
9108002
9106567
9106381
9106241
9107581
9107559
9107367
9107235
9107620
9106238
9107453
9108108
9107966
9108011
9107983
9107654
9108162
9107731
9106822
9107086
9107877
9107648
9106461
9107899
9107375
9107168
9106756
9106575
9108195
9108140
9107939
9107594
9107076
9106617
9107960
9106394
9108121
9107626
9106064
9108257
9108225
9107817
9107661
9107810
9107749
9106911
9106236
9107519
9107139
9106779
9106319
9107027
9107055
9106252
9106120
9107972
9107794
9107677
9107426
9107714
9106643
9106574
9107673
9107023
9106413
9106344
9108001
9107783
9107844
9106297
9106778
9106652
9106318
9108282
9107277
9106957
9106925
9106839
9107646
9107205
9107088
9107093
9108247
9108192
9107372
9107233
9106836
9108367
9108235
9106996
9106780
9106883
9106169
9106898
9107613
9107266
9107157
9106797
9106543
9107283
9108126
9107414
9106866
9107256
9107167
9107012
9106422
9108090
9107726
9106377
9108278
9108137
9107708
9106207
9106482
9106121
9108394
9108153
9106734
9106666
9106484
9106213
9108392
9108187
9107821
9106874
9108218
9107858
9107090
9107985
9107746
9106264
9107958
9107777
9108207
9107526
9106256
9106167
9108305
9107976
9108048
9107159
9106702
9106347
9108075
9107547
9107788
9107261
9107234
9108329
9106383
9106398
9107161
9107080
9106187
9108213
9106914
9107853
9107303
9106720
9106637
9108374
9107194
9107803
9106932
9106577
9108382
9108242
9107717
9106726
9108020
9107980
9107867
9107509
9107271
9107300
9106989
9107083
9108210
9108419
9108065
9107850
9106500
9107142
9106581
9106367
9107381
9107809
9107241
9107032
9108429
9106873
9106483
9107329
9106365
9106237
9106178
9106404
9107944
9107738
9107565
9107053
9106959
9106610
9107880
9106176
9108074
9107279
9106741
9106175
9107650
9107735
9107568
9106201
9108097
9107762
9106849
9106370
9106083
9108262
9106850
9107989
9106271
9107405
9107364
9106990
9106846
9106563
9106428
9108385
9108290
9107639
9107363
9106742
9107869
9107183
9106857
9106825
9107346
9108123
9107286
9106189
9107376
9106727
9106630
9106576
9108431
9108196
9107691
9107716
9106094
9106305
9107816
9108167
9108012
9106464
9107229
9107117
9107062
9107984
9107653
9107537
9108053
9107425
9106173
9107056
9106469
9108227
9107815
9107799
9106856
9107866
9106621
9106343
9106283
9108420
9107543
9106414
9108117
9106298
9106071
9106875
9108328
9108276
9107706
9107599
9106709
9106624
9106074
9107981
9106470
9108021
9107959
9107610
9108396
9106897
9106766
9106584
9108403
9108049
9107384
9107244
9107173
9106733
9106056
9108388
9108393
9107469
9107260
9108401
9108379
9107199
9106600
9108151
9108189
9107475
9106615
9106813
9107954
9108320
9106992
9106774
9106697
9107732
9107484
9107213
9108303
9108161
9107920
9107666
9106118
9108297
9108142
9107338
9106538
9108042
9107846
9107563
9107259
9106979
9106267
9106156
9107073
9107768
9107281
9107341
9107862
9107680
9106810
9106533
9106075
9108347
9107669
9107333
9106952
9107253
9107079
9106438
9107629
9107704
9106955
9108180
9108061
9107275
9107336
9106670
9106199
9107600
9107081
9107059
9108148
9107814
9107273
9107332
9107072
9106960
9106626
9106076
9107394
9107912
9107617
9107153
9106378
9108307
9107578
9107217
9106718
9108447
9107757
9106769
9108133
9107147
9106095
9106109
9108430
9108239
9107690
9107206
9106431
9106196
9107490
9107445
9107299
9106905
9107208
9106707
9106282
9107109
9106645
9108327
9108355
9108136
9107631
9107608
9106987
9106860
9106534
9108417
9107961
9108252
9108120
9106641
9108249
9107635
9107523
9107044
9108398
9107529
9106944
9107784
9108026
9108110
9107822
9108299
9107094
9107630
9107510
9106436
9106191
9106310
9107647
9106402
9108369
9107878
9107488
9107942
9107491
9107355
9106239
9107136
9106555
9106430
9107805
9108339
9106815
9106506
9107366
9106843
9106566
9108082
9107922
9107730
9107077
9106777
9107278
9108143
9107517
9106958
9106712
9108361
9108103
9106372
9107615
9107123
9106656
9107095
9106147
9108444
9107754
9107203
9107973
9107665
9106079
9107498
9108304
9108019
9107873
9107483
9107397
9106884
9106743
9106474
9107182
9108238
9108177
9107614
9106108
9106924
9106870
9106480
9106349
9106646
9108356
9108135
9107999
9107002
9108212
9106154
9107852
9107557
9107369
9106357
9107121
9106408
9108076
9106174
9107948
9107482
9106730
9106627
9106655
9106077
9108345
9108285
9107170
9106886
9107573
9106713
9106232
9106487
9108358
9106877
9108184
9107461
9107679
9106419
9106210
9107321
9107096
9107643
9106521
9108280
9107741
9107368
9106650
9108340
9107013
9106919
9108395
9106568
9106143
9107782
9107434
9106708
9107146
9106801
9106495
9106249
9106389
9108323
9107900
9107589
9106589
9107351
9108044
9107801
9107249
9106209
9106400
9107940
9107995
9107835
9106459
9106122
9107970
9107467
9106871
9106965
9106673
9106544
9108051
9108089
9107929
9107284
9108163
9107700
9107211
9106823
9107113
9106333
9108261
9107625
9107657
9107533
9106599
9107875
9107485
9107399
9106706
9107009
9106721
9107774
9108437
9108036
9107314
9106972
9106848
9106677
9106054
9108335
9108156
9107651
9107689
9108259
9108115
9107054
9106689
9107921
9107703
9108160
9108273
9108081
9108059
9106759
9107767
9106781
9106268
9107778
9107652
9106969
9106277
9106491
9106327
9106136
9108206
9107555
9107430
9107943
9106403
9108086
9107558
9106184
9108354
9108188
9107713
9107232
9108217
9107742
9107307
9106703
9106254
9106148
9108067
9107974
9107820
9106128
9107935
9107840
9107379
9106941
9107603
9106692
9107548
9106348
9106293
9106288
9107855
9107464
9107048
9107827
9108181
9108159
9108060
9108350
9107751
9107789
9106695
9106663
9106216
9107539
9107255
9107119
9106975
9106723
9106668
9106550
9106435
9106549
9106186
9108084
9107870
9107480
9107251
9106084
9107910
9107223
9106962
9106667
9108145
9107201
9106570
9106525
9108402
9107569
9107325
9106633
9107439
9108007
9106763
9106628
9106904
9106513
9108203
9107773
9107444
9107068
9107005
9106787
9106548
9108360
9107761
9107288
9107348
9106390
9107964
9107590
9107082
9106531
9107052
9106539
9106227
9108306
9107339
9107663
9107216
9107859
9107309
9107014
9106796
9107471
9108219
9108155
9107881
9106611
9106509
9106135
9107928
9107315
9108093
9107556
9108035
9106354
9106188
9106437
9108134
9106753
9108277
9107342
9106542
9106085
9107540
9106879
9106530
9107017
9107591
9107330
9106864
9106157
9106613
9107744
9107050
9106266
9107118
9106338
9107486
9107087
9106705
9107028
9106294
9108442
9107752
9107678
9107718
9107226
9107067
9106081
9106814
9107684
9107466
9107112
9106301
9107038
9107619
9106889
9106851
9107917
9107358
9106660
9106472
9106614
9106397
9106182
9107884
9107743
9107474
9107108
9107276
9106441
9107550
9107435
9106800
9106320
9107520
9108443
9108009
9107753
9108157
9107829
9106865
9106454
9107833
9106902
9106099
9107585
9106499
9106385
9108413
9108284
9106654
9106066
9108164
9107459
9106824
9106467
9106429
9106220
9107854
9107465
9107304
9107019
9108168
9106828
9107195
9106446
9107930
9107845
9107722
9107058
9106106
9107400
9106995
9106940
9106835
9106598
9106107
9108365
9108237
9107398
9106583
9107837
9108043
9107562
9106510
9106362
9108371
9107037
9106130
9108200
9107802
9106888
9106104
9108234
9107039
9106893
9108006
9106931
9106891
9107945
9107830
9107564
9106696
9106200
9108130
9107949
9107324
9107010
9106653
9106537
9106420
9108298
9108414
9108283
9107337
9106117
9108268
9107003
9107449
9107295
9108364
9108405
9106522
9108384
9107049
9106943
9106737
9108421
9107177
9106966
9107238
9107522
9106322
9108251
9107667
9106681
9106223
9106087
9106908
9108269
9107826
9107448
9107064
9106490
9106445
9106299
9108376
9108228
9107905
9107412
9107225
9106460
9107720
9107553
9106803
9106194
9108321
9107932
9107892
9107637
9106346
9106286
9107863
9107546
9107151
9106244
9107632
9107584
9106261
9108272
9107287
9107347
9106793
9106449
9106240
9106295
9106595
9106540
9107395
9107451
9107280
9107340
9107429
9106465
9108370
9106724
9107190
9106935
9106840
9108296
9107128
9107579
9106895
9107111
9106964
9106331
9106545
9108170
9107285
9107345
9108144
9107907
9106447
9106988
9107607
9106833
9106442
9107902
9106619
9106501
9108211
9107163
9108185
9107479
9106858
9106308
9108018
9108101
9106585
9106231
9106602
9108433
9107447
9107693
9107046
9106939
9108446
9107575
9107033
9106899
9107946
9108400
9107236
9106968
9107258
9106978
9106842
9106412
9106225
9106166
9108448
9107758
9107672
9107269
9107462
9107020
9106336
9108424
9106410
9106127
9107670
9106488
9108325
9107402
9106878
9106647
9107156
9106535
9106341
9106281
9107335
9106623
9107979
9107541
9106115
9106073
9107640
9106789
9106890
9106722
9108386
9108246
9106930
9106845
9107923
9107701
9107419
9107210
9108300
9107065
9108271
9108083
9106679
9106439
9107763
9107628
9106230
9108295
9108240
9107759
9106936
9107188
9106554
9106102
9107193
9108232
9107804
9107354
9106303
9106161
9106080
9108099
9106752
9106678
9107748
9107103
9106247
9107391
9107427
9107455
9108399
9107463
9107528
9106328
9108415
9108150
9108222
9106746
9106994
9106772
9108348
9108288
9107360
9107132
9106222
9106150
9107456
9107057
9106415
9106145
9107609
9107496
9107131
9107682
9108055
9106961
9106140
9108033
9107047
9106906
9106852
9106593
9107393
9107502
9107388
9107154
9108439
9108230
9107406
9106100
9107888
9107893
9107478
9107104
9108372
9108233
9106894
9107561
9107641
9107323
9106750
9106635
9108359
9107836
9107586
9108058
9107764
9106605
9107454
9106829
9108169
9108050
9107133
9108147
9107904
9107513
9108038
9107823
9106185
9107834
9106512
9108202
9107312
9107994
9107772
9108253
9107274
9106698
9106221
9106057
9108264
9107150
9107222
9106456
9107200
9107043
9106949
9106571
9108310
9107711
9107524
9107371
9107605
9106149
9106928
9106775
9107356
9106315
9106809
9106177
9107737
9107070
9108023
9107998
9107838
9106089
9106745
9108416
9106171
9108017
9107124
9107487
9107715
9106861
9106153
9107887
9107477
9106912
9106982
9106687
9108412
9106448
9108166
9107908
9106680
9108250
9107164
9106862
9108122
9108106
9107968
9107601
9108114
9107848
9106417
9106497
9106321
9106096
9108353
9107521
9107374
9108194
9106284
9107965
9107544
9106929
9106142
9108118
9107798
9106063
9108342
9107138
9107969
9107518
9108315
9108141
9106999
9108387
9107712
9106760
9106458
9107649
9106105
9107125
9106938
9106744
9106473
9107621
9107298
9107071
9106674
9108265
9107343
9108337
9108010
9106976
9106215
9106159
9106060
9107218
9106717
9108308
9108045
9107577
9107494
9107143
9108326
9108091
9106782
9107408
9107174
9106948
9106872
9106732
9107172
9106920
9106508
9106382
9106242
9106197
9107634
9107582
9107308
9107045
9108057
9108025
9107030
9106326
9106091
9108434
9106137
9107694
9107317
9107060
9107181
9107215
9107793
9106287
9107006
9106642
9108352
9106947
9108039
9107407
9106243
9107583
9107107
9106392
9107592
9106503
9107353
9106892
9106553
9108197
9108031
9107377
9106218
9107424
9106881
9106471
9106309
9106859
9108116
9107796
9107611
9107098
9106951
9106224
9106798
9108338
9107297
9106844
9106783
9108105
9107567
9107359
9106235
9108152
9108220
9106214
9108107
9106529
9107470
9106981
9108411
9107967
9107662
9107736
9107919
9107423
9107570
9108131
9107636
9106710
9106098
9107224
9108029
9107951
9107500
9107891
9106945
9108322
9107931
9106786
9106830
9108245
9107101
9107018
9107198
9106307
9108378
9108226
9108165
9107507
9106151
9106863
9106546
9107228
9106755
9106686
9106827
9108256
9107505
9106855
9106265
9108024
9107420
9106337
9107709
9107596
9107074
9106671
9107624
9107411
9106396
9108279
9108302
9107733
9107457
9107212
9106306
9108255
9107506
9108119
9106685
9107024
9108229
9108062
9107797
9107674
9106485
9106399
9106596
9106411
9108176
9107671
9107396
9107021
9106662
9107176
9106967
9106880
9106736
9107158
9106937
9106632
9106457
9106212
9108154
9107015
9106425
9108248
9106296
9107885
9107656
9108438
9107683
9107698
9107221
9106832
9106443
9106314
9107134
9107903
9107721
9107514
9106172
9108080
9107874
9106821
9106765
9107729
9108231
9107428
9106639
9106101
9106335
9108054
9107623
9107450
9107115
9107911
9108066
9106749
9106164
9106113
9108287
9107272
9106657
9106625
9108274
9106665
9107916
9106927
9106622
9106462
9106536
9106116
9108309
9108014
9107155
9107219
9108128
9106868
9107296
9106466
9106532
9106067
9106112
9108254
9107160
9106953
9106684
9106916
9107927
9108087
9107955
9107622
9106594
9108408
9106887
9108174
9107861
9107452
9106226
9106165
9107725
9107433
9106258
9107842
9106144
9108046
9107978
9107292
9106754
9106203
9108316
9107645
9107034
9106631
9108094
9106342
9108318
9108063
9107542
9107085
9106690
9106206
9106114
9108016
9107812
9107334
9106682
9107468
9106323
9108389
9108351
9108440
9107750
9107237
9107178
9106738
9106565
9108243
9107365
9108383
9108000
9106329
9107843
9107566
9107432
9107790
9107171
9106731
9108427
9108391
9107986
9107745
9106716
9106691
9106376
9106228
9108445
9107755
9107727
9107576
9108324
9107362
9106770
9106562
9107493
9106316
9107516
9107327
9108109
9106776
9107306
9106799
9108216
9108052
9107856
9107685
9106784
9106432
9107627
9107476
9106616
9106263
9108331
9106170
9107886
9107655
9106526
9106317
9107137
9107326
9107091
9106694
9107760
9107572
9107458
9108346
9106885
9108286
9108313
9108068
9107040
9106292
9106253
9108221
9107438
9106704
9106629
9107214
9107421
9106597
9106251
9108223
9107971
9107549
9106289
9107839
9106205
9106088
9106093
9107747
9107588
9107593
9106502
9108425
9108056
9107302
9106393
9106388
9106569
9106325
9107633
9107525
9106918
9106807
9107872
9107734
9107616
9107263
9106922
9106476
9108008
9108390
9108111
9107791
9108102
9107644
9107035
9106648
9106086
9106701
9106065
9108224
9107262
9107029
9106923
9107574
9107497
9106714
9108451
9107175
9106735
9106423
9108317
9108030
9107207
9106440
9107551
9106351
9106146
9107495
9107389
9106900
9108139
9107106
9107824
9107066
9106250
9107344
9107413
9108301
9107185
9108270
9107075
9107952
9106669
9106272
9108179
9107832
9107697
9106903
9106514
9107443
9106134
9108204
9107992
9106794
9106055
9106426
9107417
9107252
9107120
9108267
9106819
9106740
9106234
9106407
9108104
9107947
9107642
9107819
9107795
9107740
9106651
9108450
9108341
9108073
9108281
9108332
9107254
9107148
9106792
9108092
9107936
9107896
9107957
9107318
9107063
9107925
9106138
9108208
9108085
9107239
9107316
9106516
9107776
9107527
9106805
9108034
9107492
9106917
9106808
9106612
9106358
9107926
9107882
9107660
9107472
9108193
9107373
9107041
9106644
9106869
9106507
9106198
9108452
9108129
9107825
9107857
9108112
9107792
9106921
9106579
9108199
9107895
9107719
9107401
9108366
9106837
9106997
9107787
9108312
9107202
9106816
9106505
9108422
9108215
9107686
9107305
9108441
9106640
9107227
9106728
9106339
9106901
9107800
9107350
9107924
9107289
9107349
9106971
9108186
9107659
9107681
9106811
9107370
9106636
9108311
9108190
9107849
9107710
9106369
9107918
9107807
9107357
9106557
9108406
9107230
9106291
9106078
9108095
9107313
9106133
9108132
9107293
9106202
9106345
9106111
9106285
9108077
9107545
9107331
9107975
9107728
9106255
9106119
9106867
9106424
9108410
9108336
9108127
9106980
9106806
9106515
9106356
9107775
9108205
9108088
9107141
9107554
9107102
9106804
9106193
9107320
9106204
9108138
9107707
9107282
9106208
9106340
9106451
9106280
9106395
9108423
9107595
9106489
9106391
9106455
9106110
9108124
9107416
9107162
9106676
9107169
9107938
9107898
9107883
9107473
9106604
9107765
9107538
9107001
9106729
9108072
9107876
9107664
9106061
9107847
9106418
9106578
9106452
9106217
9108183
9108198
9107378
9107165
9106160
9106059
9107953
9107532
9106332
9106273
9107950
9107501
9106479
9106163
9106558
9107808
9107612
9106926
9106882
9108070
9106421
9106956
9106528
9106179
9107739
9107328
9106463
9107915
9107901
9107723
9107668
9106350
9108314
9107437
9107204
9107036
9108266
9108125
9108028
9107993
9107988
9107442
9107042
9106290
9106606
9106245
9108428
9107231
9106983
9106838
9107051
9108344
9107089
9106998
9106970
9107871
9107481
9107250
9107122
9106152
9108214
9107638
9106913
9108375
9107906
9107890
9106831
9108149
9106991
9107209
9108319
9108236
9108004
9107841
9107243
9107000
9108404
9108178
9107383
9108432
9107997
9107692
9106603
9107191
9108409
9107770
9107436
9107310
9106552
9106478
9108407
9107618
9107352
9106933
9107990
9107786
9106405
9106364
9106409
9106371
9106711
9108362
9107571
9106524
9106062
9108343
9108071
9107265
9106229
9106092
9107380
9107240
9106909
9106580
9107322
9108244
9108158
9107403
9106492
9106070
9108182
9108397
9106620
9106453
